function dy=folding(t,y)
dy = zeros(5,1);
%% y1:U y2:I y3:N y4:I1x y5:I2x 

k1=13.597;
k2=5.7813;
k3=500.57;
k4=0.0001265;
k5=222.51;
k6=3.4836;
k7=2170.6;
k8=1084.5;

dy(1) = -k1*y(1) + k2*y(2);
dy(2) =  k1*y(1) - (k2+k3+k5+k7)*y(2) + k4*y(3) + k6*y(4) + k8*y(5); 
dy(3) =  k3*y(2) - k4*y(3);
dy(4) =  k5*y(2) - k6*y(4);
dy(5) =  k7*y(2) - k8*y(5);


									
					
